6.28,37.7,15.71,21.99,138.23,40.84,53.41,59.69,6.28,37.7,62.83,21.99,34.56,163.36,53.41,238.76,6.28,37.7,62.83,21.99,138.23,163.36,53.41,59.69,6.28,37.7,62.83,21.99,138.23,163.36,53.41,59.69,6.28,37.7,62.83,21.99,138.23,163.36,213.63,238.76,6.28,9.42,62.83,21.99
,34.56,40.84,53.41,59.69,6.28,37.7,62.83,21.99,34.56,40.84,53.41,238.76,6.28,37.7,62.83,21.99,138.23,163.36,213.63,59.69,6.28,37.7,62.83,21.99,34.56,163.36,53.41,59.69,6.28,9.42,62.83,21.99,34.56,40.84,53.41,59.69,6.28,37.7,62.83,87.96,34.56,163.36,213.63,238.76
,6.28,37.7,62.83,21.99,34.56,163.36,53.41,238.76,6.28,37.7,62.83,21.99,138.23,163.36,53.41,59.69,6.28,37.7,62.83,21.99,34.56,40.84,213.63,238.76,6.28,37.7,62.83,21.99,138.23,163.36,213.63,238.76,6.28,37.7,62.83,21.99,138.23,163.36,53.41,238.76,6.28,37.7,62.83,21
.99,34.56,163.36,53.41,238.76,6.28,9.42,62.83,21.99,34.56,40.84,53.41,59.69,6.28,37.7,62.83,87.96,34.56,163.36,53.41,59.69,6.28,37.7,62.83,21.99,138.23,163.36,213.63,238.76,6.28,9.42,62.83,21.99,34.56,40.84,53.41,59.69,6.28,37.7,62.83,87.96,34.56,163.36,213.63,2
38.76,6.28,37.7,62.83,21.99,138.23,163.36,213.63,238.76,6.28,37.7,62.83,87.96,34.56,40.84,213.63,59.69,6.28,37.7,62.83,21.99,138.23,163.36,53.41,59.69,6.28,37.7,62.83,21.99,34.56,163.36,53.41,59.69,6.28,9.42,62.83,21.99,138.23,163.36,53.41,59.69,6.28,9.42,62.83,
21.99,34.56,40.84,53.41,59.69,6.28,37.7,62.83,21.99,34.56,40.84,53.41,238.76,6.28,37.7,62.83,87.96,34.56,40.84,213.63,238.76,6.28,9.42,62.83,21.99,34.56,40.84,53.41,59.69,6.28,37.7,62.83,21.99,34.56,40.84,53.41,238.76,6.28,9.42,62.83,21.99,34.56,40.84,53.41,59.6
9,6.28,37.7,62.83,21.99,138.23,40.84,53.41,59.69,6.28,37.7,62.83,87.96,34.56,163.36,53.41,238.76,6.28,37.7,62.83,21.99,138.23,163.36,53.41,238.76,6.28,37.7,62.83,21.99,34.56,40.84,53.41,238.76,6.28,37.7,62.83,21.99,138.23,163.36,213.63,59.69,6.28,9.42,62.83,21.9
9,34.56,40.84,53.41,59.69,6.28,37.7,15.71,21.99,138.23,40.84,53.41,238.76,6.28,9.42,62.83,21.99,34.56,40.84,53.41,59.69,6.28,37.7,62.83,21.99,138.23,40.84,53.41,59.69,6.28,37.7,62.83,21.99,34.56,40.84,53.41,238.76,6.28,37.7,62.83,87.96,34.56,163.36,213.63,59.69,
6.28,37.7,62.83,21.99,34.56,163.36,53.41,238.76,6.28,9.42,62.83,21.99,34.56,40.84,53.41,59.69,6.28,37.7,62.83,87.96,34.56,163.36,213.63,59.69,6.28,37.7,62.83,21.99,34.56,163.36,53.41,238.76,6.28,37.7,62.83,87.96,34.56,40.84,213.63,59.69,6.28,37.7,62.83,87.96,138
.23,40.84,53.41,238.76,6.28,9.42,62.83,21.99,34.56,40.84,53.41,59.69,6.28,37.7,62.83,21.99,138.23,163.36,53.41,59.69,6.28,37.7,62.83,21.99,138.23,40.84,53.41,238.76,6.28,37.7,62.83,87.96,34.56,163.36,53.41,59.69,6.28,37.7,62.83,87.96,34.56,163.36,53.41,59.69,6.2
8,37.7,62.83,21.99,138.23,163.36,53.41,59.69,6.28,37.7,62.83,21.99,34.56,163.36,53.41,238.76,6.28,9.42,62.83,21.99,34.56,40.84,53.41,59.69,6.28,37.7,62.83,87.96,34.56,163.36,53.41,59.69,6.28,37.7,62.83,21.99,138.23,163.36,213.63,238.76,6.28,9.42,62.83,21.99,34.5
6,40.84,53.41,59.69,6.28,37.7,62.83,21.99,138.23,163.36,213.63,238.76,6.28,37.7,62.83,21.99,34.56,163.36,213.63,59.69,6.28,37.7,62.83,21.99,34.56,163.36,213.63,59.69,6.28,37.7,62.83,21.99,34.56,163.36,53.41,238.76,6.28,37.7,62.83,87.96,34.56,40.84,213.63,59.69,6
.28,9.42,62.83,21.99,34.56,40.84,53.41,59.69,6.28,37.7,62.83,87.96,138.23,40.84,53.41,238.76,6.28,37.7,62.83,21.99,138.23,163.36,213.63,238.76,6.28,37.7,62.83,87.96,34.56,163.36,53.41,238.76,6.28,9.42,62.83,21.99,138.23,163.36,53.41,59.69,6.28,9.42,62.83,21.99,3
4.56,40.84,53.41,59.69,6.28,37.7,62.83,87.96,138.23,40.84,53.41,238.76,6.28,37.7,62.83,21.99,138.23,163.36,213.63,238.76,6.28,37.7,62.83,87.96,34.56,163.36,53.41,238.76,6.28,9.42,62.83,21.99,34.56,40.84,53.41,59.69,6.28,37.7,62.83,87.96,34.56,163.36,213.63,238.7
6,6.28,37.7,62.83,21.99,138.23,40.84,53.41,238.76,6.28,37.7,62.83,21.99,138.23,163.36,53.41,59.69,6.28,37.7,62.83,21.99,138.23,163.36,53.41,59.69,6.28,9.42,62.83,21.99,34.56,40.84,53.41,59.69,6.28,37.7,62.83,21.99,138.23,163.36,53.41,59.69,6.28,37.7,62.83,21.99,
138.23,40.84,53.41,238.76,6.28,37.7,62.83,21.99,138.23,40.84,213.63,238.76,6.28,37.7,62.83,21.99,34.56,163.36,53.41,238.76,6.28,37.7,62.83,21.99,138.23,163.36,53.41,59.69,6.28,37.7,62.83,87.96,138.23,40.84,53.41,238.76,6.28,9.42,62.83,21.99,34.56,40.84,53.41,59.
69,6.28,37.7,62.83,21.99,138.23,40.84,53.41,59.69,6.28,37.7,62.83,21.99,34.56,40.84,53.41,238.76,6.28,37.7,62.83,87.96,34.56,163.36,213.63,59.69,6.28,37.7,62.83,21.99,34.56,163.36,53.41,238.76,6.28,9.42,62.83,21.99,34.56,40.84,53.41,59.69,6.28,37.7,62.83,21.99,3
4.56,40.84,53.41,238.76,6.28,37.7,62.83,21.99,34.56,40.84,213.63,238.76,6.28,37.7,62.83,21.99,34.56,40.84,213.63,238.76,6.28,37.7,62.83,21.99,34.56,163.36,53.41,238.76,6.28,37.7,62.83,87.96,34.56,40.84,213.63,238.76,6.28,37.7,62.83,87.96,34.56,40.84,213.63,238.7
6,6.28,9.42,62.83,21.99,34.56,40.84,53.41,59.69,6.28,37.7,62.83,87.96,34.56,163.36,53.41,59.69,6.28,37.7,62.83,21.99,138.23,163.36,213.63,238.76,6.28,9.42,62.83,21.99,34.56,40.84,53.41,59.69,6.28,37.7,62.83,21.99,138.23,163.36,53.41,238.76,6.28,37.7,62.83,21.99,
138.23,163.36,213.63,238.76,6.28,37.7,62.83,87.96,34.56,40.84,213.63,59.69,6.28,37.7,62.83,21.99,34.56,163.36,53.41,238.76,6.28,9.42,62.83,21.99,34.56,40.84,53.41,59.69,6.28,37.7,62.83,21.99,138.23,40.84,213.63,238.76,6.28,37.7,62.83,21.99,138.23,163.36,213.63,5
9.69,6.28,37.7,62.83,21.99,138.23,163.36,213.63,238.76,6.28,37.7,62.83,87.96,34.56,163.36,213.63,238.76,6.28,37.7,62.83,21.99,138.23,163.36,53.41,59.69,6.28,37.7,62.83,21.99,34.56,163.36,53.41,238.76,6.28,37.7,62.83,21.99,34.56,163.36,53.41,59.69,6.28,37.7,62.83
,21.99,34.56,163.36,213.63,238.76,6.28,37.7,62.83,21.99,34.56,163.36,53.41,238.76,6.28,9.42,62.83,21.99,34.56,40.84,53.41,59.69,6.28,37.7,62.83,87.96,34.56,163.36,53.41,59.69,6.28,37.7,62.83,21.99,138.23,40.84,53.41,59.69,6.28,37.7,62.83,21.99,34.56,40.84,53.41,
238.76,6.28,37.7,62.83,21.99,138.23,163.36,213.63,59.69,6.28,9.42,62.83,21.99,34.56,40.84,53.41,59.69,6.28,37.7,15.71,21.99,138.23,40.84,53.41,238.76,6.28,9.42,62.83,21.99,34.56,40.84,53.41,59.69,6.28,37.7,62.83,21.99,34.56,163.36,53.41,59.69,6.28,37.7,62.83,21.
99,138.23,163.36,213.63,238.76,6.28,9.42,62.83,21.99,138.23,163.36,53.41,59.69,6.28,9.42,62.83,21.99,34.56,40.84,53.41,59.69,6.28,37.7,62.83,21.99,34.56,40.84,53.41,238.76,6.28,37.7,62.83,21.99,138.23,163.36,213.63,59.69,6.28,37.7,62.83,21.99,34.56,163.36,53.41,
59.69,6.28,9.42,62.83,21.99,34.56,40.84,53.41,59.69,6.28,37.7,62.83,21.99,138.23,163.36,53.41,238.76,6.28,37.7,62.83,21.99,138.23,163.36,213.63,238.76,6.28,37.7,62.83,87.96,34.56,40.84,213.63,59.69,6.28,37.7,62.83,21.99,34.56,163.36,53.41,238.76,6.28,9.42,62.83,
21.99,34.56,40.84,53.41,59.69,6.28,37.7,62.83,87.96,34.56,40.84,213.63,238.76,6.28,37.7,62.83,87.96,138.23,40.84,53.41,238.76,6.28,37.7,62.83,87.96,34.56,40.84,213.63,238.76,6.28,37.7,62.83,87.96,34.56,163.36,53.41,59.69,6.28,37.7,62.83,21.99,34.56,163.36,53.41,
238.76,6.28,37.7,62.83,21.99,138.23,163.36,53.41,238.76,6.28,37.7,62.83,87.96,34.56,40.84,213.63,238.76,6.28,9.42,62.83,21.99,138.23,163.36,213.63,59.69,6.28,9.42,62.83,21.99,34.56,40.84,53.41,59.69,6.28,37.7,15.71,87.96,138.23,40.84,53.41,238.76,6.28,37.7,62.83
,21.99,138.23,163.36,213.63,238.76,6.28,37.7,62.83,87.96,34.56,163.36,53.41,238.76,6.28,9.42,62.83,21.99,34.56,40.84,53.41,59.69,6.28,37.7,62.83,21.99,138.23,40.84,53.41,59.69,6.28,37.7,62.83,21.99,34.56,40.84,53.41,238.76,6.28,37.7,62.83,87.96,34.56,163.36,213.
63,59.69,6.28,37.7,62.83,21.99,34.56,163.36,53.41,238.76,6.28,9.42,62.83,21.99,34.56,40.84,53.41,59.69,6.28,37.7,62.83,87.96,34.56,40.84,53.41,59.69,6.28,37.7,62.83,87.96,34.56,40.84,213.63,59.69,6.28,37.7,62.83,21.99,138.23,163.36,213.63,238.76,6.28,37.7,62.83,
21.99,34.56,40.84,213.63,59.69,6.28,37.7,62.83,21.99,34.56,40.84,53.41,238.76,6.28,37.7,62.83,21.99,34.56,40.84,213.63,59.69,6.28,37.7,62.83,21.99,138.23,163.36,53.41,59.69,6.28,37.7,62.83,87.96,138.23,40.84,53.41,238.76,6.28,9.42,62.83,21.99,34.56,40.84,53.41,5
9.69,6.28,37.7,62.83,21.99,34.56,163.36,213.63,59.69,6.28,37.7,62.83,21.99,138.23,163.36,213.63,238.76,6.28,37.7,62.83,87.96,34.56,40.84,213.63,59.69,6.28,37.7,62.83,21.99,138.23,163.36,53.41,238.76,6.28,37.7,62.83,21.99,34.56,163.36,53.41,238.76,6.28,37.7,62.83
,21.99,34.56,163.36,53.41,59.69,6.28,9.42,62.83,21.99,34.56,40.84,53.41,59.69,6.28,37.7,62.83,21.99,34.56,40.84,53.41,238.76,6.28,9.42,62.83,21.99,34.56,40.84,53.41,59.69,6.28,37.7,62.83,87.96,34.56,40.84,53.41,59.69,6.28,37.7,62.83,21.99,138.23,163.36,53.41,59.
69,6.28,37.7,62.83,21.99,34.56,40.84,53.41,238.76,6.28,37.7,62.83,21.99,138.23,163.36,213.63,59.69,6.28,9.42,62.83,21.99,34.56,40.84,53.41,59.69,6.28,37.7,62.83,21.99,34.56,163.36,213.63,59.69,6.28,37.7,62.83,21.99,138.23,163.36,213.63,238.76,6.28,37.7,62.83,87.
96,34.56,40.84,213.63,59.69,6.28,9.42,62.83,21.99,34.56,40.84,53.41,59.69,6.28,37.7,62.83,87.96,138.23,40.84,53.41,238.76,6.28,37.7,62.83,21.99,138.23,163.36,213.63,238.76,6.28,37.7,62.83,87.96,34.56,163.36,53.41,238.76,6.28,37.7,62.83,87.96,34.56,40.84,213.63,5
9.69,6.28,9.42,62.83,21.99,34.56,40.84,53.41,59.69,6.28,37.7,62.83,87.96,34.56,40.84,213.63,238.76,6.28,37.7,62.83,87.96,34.56,163.36,53.41,238.76,6.28,37.7,62.83,87.96,34.56,40.84,213.63,59.69,6.28,37.7,62.83,87.96,34.56,163.36,213.63,59.69,6.28,37.7,62.83,21.9
9,138.23,40.84,53.41,238.76,6.28,37.7,62.83,87.96,34.56,163.36,213.63,59.69,6.28,37.7,62.83,21.99,34.56,40.84,53.41,238.76,6.28,37.7,62.83,21.99,138.23,163.36,53.41,59.69,6.28,9.42,62.83,21.99,34.56,40.84,53.41,59.69,6.28,37.7,62.83,21.99,34.56,40.84,53.41,238.7
6,6.28,37.7,62.83,21.99,138.23,163.36,213.63,59.69,6.28,37.7,62.83,21.99,34.56,163.36,53.41,59.69,6.28,9.42,62.83,21.99,34.56,40.84,53.41,59.69,6.28,37.7,62.83,87.96,34.56,40.84,53.41,59.69,6.28,37.7,62.83,21.99,138.23,163.36,53.41,59.69,6.28,37.7,62.83,21.99,34
.56,40.84,53.41,238.76,6.28,37.7,62.83,21.99,138.23,163.36,213.63,59.69,6.28,37.7,62.83,87.96,34.56,40.84,213.63,238.76,6.28,9.42,62.83,21.99,34.56,40.84,53.41,59.69,6.28,37.7,62.83,21.99,34.56,163.36,213.63,59.69,6.28,37.7,62.83,21.99,138.23,163.36,213.63,238.7
6,6.28,37.7,62.83,87.96,34.56,40.84,213.63,59.69,6.28,9.42,62.83,21.99,34.56,40.84,53.41,59.69,6.28,37.7,62.83,87.96,138.23,40.84,53.41,238.76,6.28,37.7,62.83,21.99,138.23,163.36,213.63,238.76,6.28,37.7,62.83,87.96,34.56,163.36,53.41,238.76,6.28,37.7,62.83,87.96
,34.56,40.84,213.63,59.69,6.28,9.42,62.83,21.99,34.56,40.84,53.41,59.69,6.28,37.7,62.83,21.99,34.56,163.36,213.63,59.69,6.28,37.7,62.83,87.96,34.56,163.36,53.41,238.76,6.28,37.7,62.83,87.96,34.56,163.36,53.41,59.69,6.28,37.7,62.83,87.96,34.56,163.36,53.41,238.76
,6.28,37.7,62.83,87.96,34.56,40.84,213.63,59.69,6.28,37.7,62.83,21.99,34.56,163.36,53.41,238.76,6.28,9.42,62.83,21.99,34.56,40.84,53.41,59.69,6.28,37.7,62.83,87.96,34.56,163.36,213.63,238.76,6.28,37.7,62.83,21.99,138.23,40.84,53.41,59.69,6.28,37.7,62.83,21.99,13
8.23,40.84,53.41,238.76,6.28,37.7,62.83,21.99,34.56,40.84,213.63,238.76,6.28,37.7,62.83,21.99,138.23,40.84,53.41,59.69,6.28,9.42,62.83,21.99,34.56,40.84,53.41,59.69,6.28,37.7,15.71,21.99,138.23,40.84,53.41,238.76,6.28,9.42,62.83,21.99,34.56,40.84,53.41,59.69,6.2
8,37.7,62.83,21.99,138.23,163.36,53.41,238.76,6.28,37.7,62.83,21.99,34.56,40.84,53.41,238.76,6.28,37.7,62.83,87.96,138.23,40.84,53.41,238.76,6.28,9.42,62.83,21.99,34.56,40.84,53.41,59.69,6.28,37.7,62.83,21.99,138.23,163.36,213.63,238.76,6.28,37.7,62.83,87.96,34.
56,40.84,213.63,59.69,6.28,9.42,62.83,21.99,34.56,40.84,53.41,59.69,6.28,37.7,62.83,21.99,138.23,163.36,53.41,238.76,6.28,37.7,62.83,21.99,34.56,40.84,53.41,238.76,6.28,37.7,62.83,87.96,138.23,40.84,53.41,238.76,6.28,9.42,62.83,21.99,34.56,40.84,53.41,59.69,6.28
,37.7,62.83,21.99,138.23,163.36,213.63,59.69,6.28,37.7,62.83,21.99,138.23,163.36,213.63,238.76,6.28,37.7,62.83,87.96,34.56,163.36,53.41,59.69,6.28,9.42,62.83,21.99,34.56,40.84,53.41,59.69,6.28,37.7,62.83,87.96,34.56,163.36,53.41,238.76,6.28,37.7,62.83,21.99,138.
23,163.36,213.63,59.69,6.28,37.7,62.83,21.99,34.56,163.36,53.41,59.69,6.28,37.7,62.83,21.99,34.56,163.36,53.41,238.76,6.28,37.7,62.83,87.96,34.56,40.84,213.63,59.69,6.28,37.7,62.83,87.96,34.56,40.84,213.63,238.76,6.28,37.7,62.83,87.96,34.56,163.36,53.41,59.69,6.
28,37.7,62.83,21.99,34.56,40.84,53.41,238.76,6.28,37.7,62.83,21.99,138.23,163.36,213.63,59.69,6.28,37.7,62.83,21.99,34.56,163.36,53.41,59.69,6.28,9.42,62.83,21.99,138.23,163.36,213.63,59.69,6.28,9.42,62.83,21.99,34.56,40.84,53.41,59.69,6.28,37.7,15.71,21.99,138.
23,40.84,53.41,238.76,6.28,9.42,62.83,21.99,34.56,40.84,53.41,59.69,6.28,37.7,62.83,21.99,34.56,40.84,213.63,238.76,6.28,37.7,62.83,21.99,34.56,40.84,53.41,238.76,6.28,37.7,62.83,21.99,138.23,163.36,213.63,59.69,6.28,9.42,62.83,21.99,34.56,40.84,53.41,59.69,6.28
,37.7,62.83,21.99,138.23,163.36,213.63,238.76,6.28,37.7,62.83,21.99,34.56,163.36,213.63,59.69,6.28,37.7,62.83,21.99,34.56,163.36,213.63,59.69,6.28,37.7,62.83,21.99,34.56,163.36,53.41,238.76,6.28,37.7,62.83,87.96,34.56,40.84,213.63,59.69,6.28,9.42,62.83,21.99,34.
56,40.84,53.41,59.69,6.28,37.7,62.83,87.96,138.23,40.84,53.41,238.76,6.28,37.7,62.83,21.99,138.23,163.36,213.63,238.76,6.28,37.7,62.83,87.96,34.56,163.36,53.41,238.76,6.28,9.42,62.83,21.99,34.56,40.84,53.41,59.69,6.28,37.7,62.83,21.99,138.23,40.84,213.63,59.69,6
.28,37.7,62.83,87.96,34.56,163.36,53.41,238.76,6.28,37.7,62.83,87.96,34.56,40.84,213.63,238.76,6.28,37.7,62.83,87.96,34.56,163.36,53.41,59.69,6.28,9.42,62.83,21.99,34.56,40.84,53.41,59.69,6.28,37.7,62.83,21.99,138.23,163.36,213.63,238.76,6.28,37.7,62.83,21.99,13
8.23,163.36,213.63,59.69,6.28,37.7,62.83,21.99,34.56,163.36,53.41,238.76,6.28,9.42,62.83,21.99,34.56,40.84,53.41,59.69,6.28,37.7,62.83,87.96,34.56,163.36,53.41,59.69,6.28,37.7,62.83,21.99,138.23,40.84,53.41,59.69,6.28,37.7,62.83,21.99,138.23,40.84,53.41,238.76,6
.28,37.7,62.83,21.99,138.23,163.36,213.63,59.69,6.28,37.7,62.83,21.99,34.56,163.36,213.63,238.76,6.28,9.42,62.83,21.99,138.23,163.36,53.41,59.69,6.28,9.42,62.83,21.99,34.56,40.84,53.41,59.69,6.28,37.7,62.83,21.99,34.56,40.84,53.41,238.76,6.28,37.7,62.83,21.99,13
8.23,163.36,213.63,59.69,6.28,37.7,62.83,21.99,34.56,163.36,53.41,59.69,6.28,9.42,62.83,21.99,34.56,40.84,53.41,59.69,6.28,37.7,15.71,21.99,138.23,40.84,53.41,238.76,6.28,9.42,62.83,21.99,34.56,40.84,53.41,59.69,6.28,37.7,62.83,21.99,138.23,163.36,213.63,238.76,
6.28,37.7,62.83,21.99,34.56,163.36,213.63,59.69,6.28,37.7,62.83,21.99,34.56,163.36,213.63,59.69,6.28,37.7,62.83,21.99,34.56,163.36,53.41,238.76,6.28,37.7,62.83,87.96,34.56,40.84,213.63,59.69,6.28,9.42,62.83,21.99,34.56,40.84,53.41,59.69,6.28,37.7,62.83,87.96,34.
56,163.36,53.41,59.69,6.28,37.7,62.83,21.99,138.23,40.84,53.41,59.69,6.28,37.7,62.83,21.99,138.23,40.84,53.41,238.76,6.28,37.7,62.83,87.96,34.56,40.84,213.63,238.76,6.28,9.42,62.83,21.99,34.56,40.84,53.41,59.69,6.28,37.7,62.83,87.96,34.56,163.36,213.63,238.76,6.
28,37.7,62.83,21.99,138.23,40.84,53.41,238.76,6.28,37.7,62.83,87.96,34.56,163.36,53.41,59.69,6.28,37.7,62.83,21.99,138.23,40.84,53.41,59.69,6.28,9.42,62.83,21.99,34.56,40.84,53.41,59.69,6.28,37.7,62.83,21.99,34.56,40.84,53.41,238.76,6.28,37.7,62.83,21.99,138.23,
163.36,213.63,59.69,6.28,9.42,62.83,21.99,34.56,40.84,53.41,59.69,6.28,37.7,62.83,21.99,138.23,163.36,213.63,238.76,6.28,37.7,62.83,87.96,34.56,40.84,53.41,59.69,6.28,37.7,62.83,21.99,34.56,163.36,53.41,238.76,6.28,37.7,62.83,21.99,138.23,163.36,213.63,59.69,6.2
8,9.42,62.83,21.99,34.56,40.84,53.41,59.69,6.28,37.7,62.83,21.99,138.23,40.84,53.41,59.69,6.28,37.7,62.83,21.99,34.56,163.36,53.41,238.76,6.28,37.7,62.83,21.99,34.56,40.84,53.41,238.76,6.28,37.7,62.83,87.96,34.56,40.84,213.63,59.69,6.28,37.7,62.83,87.96,34.56,16
3.36,53.41,59.69,6.28,9.42,62.83,21.99,138.23,163.36,53.41,59.69,6.28,9.42,62.83,21.99,34.56,40.84,53.41,59.69,6.28,37.7,15.71,21.99,138.23,40.84,53.41,238.76,6.28,9.42,62.83,21.99,34.56,40.84,53.41,59.69,6.28,37.7,62.83,21.99,34.56,40.84,213.63,238.76,6.28,37.7
,62.83,21.99,34.56,40.84,53.41,238.76,6.28,37.7,62.83,21.99,138.23,163.36,213.63,59.69,6.28,9.42,62.83,21.99,34.56,40.84,53.41,59.69,6.28,37.7,62.83,21.99,138.23,163.36,213.63,238.76,6.28,37.7,62.83,21.99,34.56,163.36,213.63,59.69,6.28,37.7,62.83,21.99,34.56,163
.36,213.63,59.69,6.28,37.7,62.83,21.99,34.56,163.36,53.41,238.76,6.28,37.7,62.83,87.96,34.56,40.84,213.63,59.69,6.28,9.42,62.83,21.99,34.56,40.84,53.41,59.69,6.28,37.7,62.83,87.96,138.23,40.84,53.41,238.76,6.28,37.7,62.83,21.99,138.23,163.36,213.63,238.76,6.28,3
7.7,62.83,87.96,34.56,163.36,53.41,238.76,6.28,9.42,62.83,21.99,34.56,40.84,53.41,59.69,6.28,37.7,62.83,21.99,34.56,40.84,213.63,238.76,6.28,37.7,62.83,21.99,138.23,163.36,213.63,238.76,6.28,37.7,62.83,21.99,138.23,163.36,53.41,238.76,6.28,37.7,62.83,87.96,34.56
,40.84,53.41,59.69,6.28,37.7,62.83,21.99,34.56,40.84,53.41,238.76,6.28,37.7,62.83,21.99,138.23,163.36,213.63,59.69,6.28,37.7,62.83,21.99,138.23,40.84,53.41,238.76,6.28,37.7,62.83,21.99,138.23,163.36,213.63,238.76,6.28,37.7,62.83,21.99,138.23,163.36,213.63,59.69,
6.28,37.7,62.83,87.96,34.56,40.84,213.63,238.76,6.28,37.7,62.83,21.99,138.23,40.84,53.41,59.69,6.28,37.7,62.83,21.99,138.23,40.84,53.41,238.76,6.28,37.7,62.83,87.96,34.56,40.84,53.41,59.69,6.28,9.42,62.83,21.99,138.23,163.36,213.63,59.69,6.28,9.42,62.83,21.99,34
.56,40.84,53.41,59.69,6.28,37.7,15.71,21.99,138.23,40.84,53.41,238.76,6.28,9.42,62.83,21.99,34.56,40.84,53.41,59.69,6.28,37.7,62.83,21.99,138.23,40.84,53.41,59.69,6.28,37.7,62.83,21.99,34.56,40.84,53.41,238.76,6.28,37.7,62.83,87.96,34.56,163.36,213.63,59.69,6.28
,37.7,62.83,21.99,34.56,163.36,53.41,238.76,6.28,9.42,62.83,21.99,34.56,40.84,53.41,59.69,6.28,37.7,62.83,21.99,138.23,163.36,213.63,59.69,6.28,37.7,62.83,21.99,138.23,163.36,213.63,238.76,6.28,9.42,62.83,21.99,34.56,40.84,53.41,59.69,6.28,37.7,62.83,21.99,138.2
3,40.84,53.41,238.76,6.28,37.7,62.83,21.99,138.23,163.36,213.63,59.69,6.28,37.7,62.83,87.96,34.56,163.36,53.41,59.69,6.28,37.7,62.83,21.99,34.56,163.36,53.41,238.76,6.28,37.7,62.83,87.96,34.56,40.84,213.63,59.69,6.28,37.7,62.83,21.99,34.56,163.36,53.41,238.76,6.
28,37.7,62.83,87.96,34.56,40.84,213.63,238.76,6.28,37.7,62.83,87.96,34.56,163.36,53.41,59.69,6.28,9.42,62.83,21.99,34.56,40.84,53.41,59.69,6.28,37.7,62.83,21.99,138.23,40.84,53.41,238.76,6.28,37.7,62.83,21.99,138.23,163.36,213.63,59.69,6.28,9.42,62.83,21.99,34.5
6,40.84,53.41,59.69,6.28,37.7,62.83,87.96,34.56,163.36,53.41,59.69,6.28,37.7,62.83,87.96,34.56,40.84,213.63,59.69,6.28,37.7,62.83,87.96,138.23,40.84,53.41,238.76,6.28,37.7,62.83,21.99,138.23,40.84,53.41,238.76,6.28,37.7,62.83,21.99,138.23,163.36,213.63,59.69,6.2
8,37.7,62.83,21.99,34.56,163.36,213.63,238.76,6.28,9.42,62.83,21.99,34.56,40.84,53.41,59.69,6.28,37.7,62.83,87.96,34.56,163.36,53.41,59.69,6.28,37.7,62.83,21.99,138.23,163.36,213.63,238.76,6.28,9.42,62.83,21.99,34.56,40.84,53.41,59.69,6.28,37.7,62.83,87.96,34.56
,163.36,53.41,238.76,6.28,37.7,62.83,87.96,34.56,40.84,213.63,238.76,6.28,37.7,62.83,21.99,34.56,163.36,53.41,238.76,6.28,9.42,62.83,21.99,34.56,40.84,53.41,59.69,6.28,37.7,62.83,87.96,138.23,40.84,53.41,238.76,6.28,37.7,62.83,21.99,138.23,163.36,213.63,238.76,6
.28,37.7,62.83,87.96,34.56,163.36,53.41,238.76,6.28,9.42,62.83,21.99,138.23,163.36,53.41,59.69,6.28,9.42,62.83,21.99,34.56,40.84,53.41,59.69,6.28,37.7,62.83,21.99,138.23,163.36,213.63,238.76,6.28,37.7,62.83,87.96,34.56,40.84,213.63,59.69,6.28,9.42,62.83,21.99,34
.56,40.84,53.41,59.69,6.28,37.7,62.83,87.96,34.56,163.36,53.41,59.69,6.28,37.7,62.83,21.99,138.23,163.36,213.63,238.76,6.28,9.42,62.83,21.99,34.56,40.84,53.41,59.69,6.28,37.7,62.83,87.96,34.56,163.36,53.41,59.69,6.28,37.7,62.83,87.96,34.56,163.36,53.41,238.76,6.
28,37.7,62.83,87.96,34.56,40.84,213.63,59.69,6.28,37.7,62.83,21.99,138.23,163.36,213.63,59.69,6.28,9.42,62.83,21.99,34.56,40.84,53.41,59.69,6.28,37.7,62.83,87.96,138.23,40.84,53.41,238.76,6.28,37.7,62.83,21.99,138.23,163.36,213.63,238.76,6.28,37.7,62.83,87.96,34
.56,163.36,53.41,238.76,6.28,9.42,62.83,21.99,34.56,40.84,53.41,59.69,6.28,37.7,62.83,21.99,138.23,40.84,53.41,238.76,6.28,37.7,62.83,21.99,138.23,163.36,213.63,59.69,6.28,9.42,62.83,21.99,34.56,40.84,53.41,59.69,6.28,37.7,62.83,87.96,34.56,163.36,53.41,59.69,6.
28,37.7,62.83,21.99,138.23,163.36,213.63,238.76,6.28,9.42,62.83,21.99,34.56,40.84,53.41,59.69,6.28,37.7,62.83,21.99,34.56,40.84,53.41,238.76,6.28,37.7,62.83,21.99,138.23,163.36,213.63,59.69,6.28,37.7,62.83,87.96,138.23,40.84,53.41,238.76,6.28,9.42,62.83,21.99,34
.56,40.84,53.41,59.69,6.28,37.7,62.83,21.99,34.56,40.84,53.41,238.76,6.28,37.7,62.83,87.96,34.56,163.36,53.41,238.76,6.28,37.7,62.83,87.96,34.56,163.36,53.41,59.69,6.28,37.7,62.83,21.99,138.23,40.84,53.41,59.69,6.28,37.7,62.83,21.99,138.23,163.36,213.63,238.76,6
.28,37.7,62.83,87.96,34.56,40.84,213.63,59.69,6.28,37.7,62.83,21.99,138.23,40.84,53.41,238.76,6.28,37.7,62.83,87.96,34.56,163.36,53.41,59.69,6.28,37.7,62.83,21.99,138.23,40.84,53.41,238.76,6.28,37.7,62.83,21.99,34.56,163.36,53.41,238.76,6.28,37.7,62.83,87.96,34.
56,40.84,213.63,238.76,6.28,9.42,62.83,21.99,138.23,163.36,213.63,59.69,6.28,9.42,62.83,21.99,34.56,40.84,53.41,59.69,6.28,37.7,15.71,87.96,138.23,40.84,53.41,238.76,6.28,37.7,62.83,21.99,138.23,163.36,213.63,238.76,6.28,37.7,62.83,87.96,34.56,163.36,53.41,238.7
6,6.28,9.42,62.83,21.99,34.56,40.84,53.41,59.69,6.28,37.7,62.83,21.99,138.23,163.36,53.41,238.76,6.28,37.7,62.83,21.99,34.56,40.84,53.41,238.76,6.28,37.7,62.83,87.96,138.23,40.84,53.41,238.76,6.28,9.42,62.83,21.99,34.56,40.84,53.41,59.69,6.28,37.7,62.83,21.99,34
.56,40.84,53.41,238.76,6.28,37.7,62.83,87.96,34.56,40.84,213.63,238.76,6.28,37.7,62.83,21.99,138.23,40.84,213.63,238.76,6.28,9.42,62.83,21.99,34.56,40.84,53.41,59.69,6.28,37.7,62.83,87.96,138.23,40.84,53.41,238.76,6.28,37.7,62.83,21.99,138.23,163.36,213.63,238.7
6,6.28,37.7,62.83,87.96,34.56,163.36,53.41,238.76,6.28,37.7,62.83,87.96,34.56,40.84,213.63,59.69,6.28,37.7,62.83,87.96,34.56,40.84,213.63,238.76,6.28,37.7,62.83,21.99,34.56,163.36,53.41,238.76,6.28,37.7,62.83,21.99,138.23,163.36,53.41,59.69,6.28,37.7,62.83,21.99
,34.56,163.36,213.63,59.69,6.28,9.42,62.83,21.99,34.56,40.84,53.41,59.69,6.28,37.7,62.83,87.96,34.56,163.36,213.63,238.76,6.28,37.7,62.83,21.99,138.23,40.84,53.41,59.69,6.28,37.7,62.83,87.96,138.23,40.84,53.41,238.76,6.28,9.42,62.83,21.99,34.56,40.84,53.41,59.69
,6.28,37.7,15.71,21.99,138.23,40.84,53.41,238.76,6.28,9.42,62.83,21.99,34.56,40.84,53.41,59.69,6.28,37.7,62.83,87.96,34.56,163.36,213.63,238.76,6.28,37.7,62.83,21.99,138.23,163.36,213.63,238.76,6.28,37.7,62.83,87.96,34.56,163.36,53.41,238.76,6.28,37.7,62.83,21.9
9,138.23,163.36,53.41,59.69,6.28,37.7,62.83,21.99,34.56,163.36,53.41,59.69,6.28,9.42,62.83,21.99,34.56,40.84,53.41,59.69,6.28,37.7,62.83,21.99,138.23,163.36,213.63,238.76,6.28,37.7,62.83,21.99,34.56,163.36,213.63,59.69,6.28,37.7,62.83,21.99,34.56,163.36,213.63,5
9.69,6.28,37.7,62.83,21.99,34.56,163.36,53.41,238.76,6.28,37.7,62.83,87.96,34.56,40.84,213.63,59.69,6.28,9.42,62.83,21.99,34.56,40.84,53.41,59.69,6.28,37.7,62.83,87.96,34.56,163.36,53.41,59.69,6.28,37.7,62.83,21.99,138.23,40.84,53.41,59.69,6.28,37.7,62.83,21.99,
138.23,40.84,53.41,238.76,6.28,37.7,62.83,87.96,34.56,40.84,213.63,238.76,6.28,9.42,62.83,21.99,138.23,163.36,53.41,59.69,6.28,9.42,62.83,21.99,34.56,40.84,53.41,59.69,6.28,37.7,62.83,21.99,34.56,40.84,53.41,238.76,6.28,37.7,62.83,21.99,138.23,163.36,213.63,59.6
9,6.28,37.7,62.83,21.99,34.56,163.36,53.41,59.69,6.28,9.42,62.83,21.99,34.56,40.84,53.41,59.69,6.28,37.7,62.83,21.99,138.23,40.84,53.41,238.76,6.28,37.7,62.83,87.96,34.56,163.36,53.41,59.69,6.28,9.42,62.83,21.99,34.56,40.84,53.41,59.69,6.28,37.7,62.83,21.99,138.
23,40.84,53.41,238.76,6.28,37.7,62.83,87.96,34.56,40.84,213.63,238.76,6.28,9.42,62.83,21.99,34.56,40.84,53.41,59.69,6.28,37.7,62.83,21.99,34.56,40.84,53.41,238.76,6.28,9.42,62.83,21.99,34.56,40.84,53.41,59.69,6.28,37.7,62.83,87.96,34.56,40.84,213.63,238.76,6.28,
37.7,62.83,21.99,138.23,40.84,53.41,238.76,6.28,37.7,62.83,21.99,138.23,163.36,53.41,238.76,6.28,37.7,62.83,87.96,34.56,40.84,53.41,59.69,6.28,37.7,62.83,21.99,138.23,163.36,53.41,59.69,6.28,37.7,62.83,21.99,34.56,163.36,53.41,238.76,6.28,9.42,62.83,21.99,34.56,
40.84,53.41,59.69,6.28,37.7,62.83,87.96,34.56,40.84,213.63,238.76,6.28,37.7,62.83,87.96,34.56,163.36,53.41,238.76,6.28,37.7,62.83,87.96,34.56,40.84,213.63,59.69,6.28,37.7,62.83,87.96,34.56,163.36,213.63,59.69,6.28,37.7,62.83,21.99,138.23,40.84,53.41,238.76,6.28,
37.7,62.83,87.96,34.56,163.36,213.63,59.69,6.28,37.7,62.83,21.99,34.56,40.84,53.41,238.76,6.28,37.7,62.83,21.99,138.23,163.36,53.41,59.69,6.28,9.42,62.83,21.99,34.56,40.84,53.41,59.69,6.28,37.7,62.83,21.99,138.23,40.84,53.41,238.76,6.28,37.7,62.83,21.99,138.23,1
63.36,213.63,59.69,6.28,37.7,62.83,87.96,34.56,40.84,213.63,238.76,6.28,37.7,62.83,87.96,34.56,163.36,53.41,59.69,6.28,37.7,62.83,21.99,138.23,40.84,53.41,238.76,6.28,37.7,62.83,21.99,138.23,163.36,213.63,59.69,6.28,37.7,62.83,21.99,34.56,40.84,213.63,238.76,6.2
8,37.7,62.83,87.96,34.56,163.36,53.41,59.69,6.28,9.42,62.83,21.99,138.23,163.36,53.41,59.69,6.28,9.42,62.83,21.99,34.56,40.84,53.41,59.69,6.28,37.7,15.71,21.99,138.23,40.84,53.41,238.76,6.28,9.42,62.83,21.99,34.56,40.84,53.41,59.69,6.28,37.7,62.83,21.99,34.56,40
.84,213.63,238.76,6.28,37.7,62.83,21.99,34.56,40.84,53.41,238.76,6.28,37.7,62.83,21.99,138.23,163.36,213.63,59.69,6.28,9.42,62.83,21.99,34.56,40.84,53.41,59.69,6.28,37.7,62.83,21.99,138.23,40.84,53.41,59.69,6.28,37.7,62.83,21.99,34.56,163.36,53.41,238.76,6.28,37
.7,62.83,21.99,138.23,163.36,53.41,59.69,6.28,37.7,62.83,87.96,34.56,40.84,53.41,59.69,6.28,9.42,62.83,21.99,34.56,40.84,53.41,59.69,6.28,37.7,62.83,87.96,138.23,40.84,53.41,238.76,6.28,37.7,62.83,21.99,138.23,163.36,213.63,238.76,6.28,37.7,62.83,87.96,34.56,163
.36,53.41,238.76,6.28,9.42,62.83,21.99,34.56,40.84,53.41,59.69,6.28,37.7,62.83,87.96,34.56,163.36,53.41,238.76,6.28,37.7,62.83,21.99,138.23,163.36,213.63,59.69,6.28,37.7,62.83,21.99,34.56,163.36,53.41,59.69,6.28,37.7,62.83,21.99,34.56,163.36,53.41,238.76,6.28,37
.7,62.83,87.96,34.56,40.84,213.63,59.69,6.28,37.7,62.83,87.96,34.56,40.84,213.63,238.76,6.28,37.7,62.83,87.96,34.56,163.36,53.41,59.69,6.28,37.7,62.83,21.99,34.56,40.84,53.41,238.76,6.28,37.7,62.83,21.99,138.23,163.36,213.63,59.69,6.28,37.7,62.83,21.99,34.56,163
.36,53.41,59.69,6.28,9.42,62.83,21.99,34.56,40.84,53.41,59.69,6.28,37.7,62.83,87.96,34.56,163.36,53.41,59.69,6.28,37.7,62.83,21.99,138.23,40.84,53.41,59.69,6.28,37.7,62.83,21.99,34.56,163.36,53.41,238.76,6.28,9.42,62.83,21.99,34.56,40.84,53.41,59.69,6.28,37.7,62
.83,21.99,138.23,40.84,53.41,59.69,6.28,37.7,62.83,87.96,34.56,163.36,53.41,238.76,6.28,37.7,62.83,21.99,138.23,163.36,53.41,238.76,6.28,37.7,62.83,21.99,34.56,40.84,53.41,238.76,6.28,37.7,62.83,21.99,138.23,163.36,213.63,59.69,6.28,9.42,62.83,21.99,34.56,40.84,
53.41,59.69,6.28,37.7,62.83,87.96,34.56,40.84,53.41,59.69,6.28,37.7,62.83,21.99,34.56,163.36,53.41,238.76,6.28,37.7,62.83,87.96,34.56,40.84,213.63,59.69,6.28,37.7,62.83,87.96,34.56,40.84,213.63,238.76,6.28,37.7,62.83,87.96,34.56,40.84,53.41,59.69,6.28,37.7,62.83
,21.99,34.56,163.36,53.41,238.76,6.28,37.7,62.83,21.99,34.56,40.84,213.63,238.76,6.28,37.7,62.83,87.96,34.56,163.36,53.41,59.69,6.28,37.7,62.83,21.99,138.23,40.84,53.41,238.76,6.28,37.7,62.83,87.96,34.56,163.36,213.63,59.69,6.28,37.7,62.83,21.99,34.56,163.36,53.
41,238.76,6.28,9.42,62.83,21.99,138.23,163.36,213.63,59.69,6.28,9.42,62.83,21.99,34.56,40.84,53.41,59.69,6.28,37.7,15.71,21.99,138.23,40.84,53.41,238.76,6.28,9.42,62.83,21.99,34.56,40.84,53.41,59.69,6.28,37.7,62.83,21.99,34.56,40.84,213.63,238.76,6.28,37.7,62.83
,21.99,34.56,40.84,53.41,238.76,6.28,37.7,62.83,21.99,138.23,163.36,213.63,59.69,6.28,9.42,62.83,21.99,34.56,40.84,53.41,59.69,6.28,37.7,62.83,21.99,138.23,40.84,53.41,238.76,6.28,37.7,62.83,21.99,138.23,163.36,53.41,238.76,6.28,37.7,62.83,21.99,34.56,40.84,53.4
1,238.76,6.28,37.7,62.83,21.99,34.56,163.36,213.63,238.76,6.28,37.7,62.83,21.99,138.23,40.84,53.41,238.76,6.28,37.7,62.83,21.99,138.23,163.36,213.63,59.69,6.28,37.7,62.83,21.99,34.56,163.36,53.41,238.76,6.28,9.42,62.83,21.99,34.56,40.84,53.41,59.69,6.28,37.7,62.
83,87.96,34.56,163.36,53.41,59.69,6.28,37.7,62.83,21.99,138.23,40.84,53.41,59.69,6.28,37.7,62.83,21.99,34.56,40.84,53.41,238.76,6.28,37.7,62.83,87.96,34.56,163.36,53.41,59.69,6.28,9.42,62.83,21.99,34.56,40.84,53.41,59.69,6.28,37.7,62.83,21.99,138.23,163.36,53.41
,238.76,6.28,37.7,62.83,21.99,34.56,40.84,53.41,238.76,6.28,37.7,62.83,21.99,138.23,163.36,213.63,59.69,6.28,37.7,62.83,87.96,138.23,40.84,53.41,238.76,6.28,9.42,62.83,21.99,34.56,40.84,53.41,59.69,6.28,37.7,62.83,21.99,138.23,163.36,213.63,238.76,6.28,37.7,62.8
3,21.99,34.56,163.36,213.63,59.69,6.28,9.42,62.83,21.99,34.56,40.84,53.41,59.69,6.28,37.7,62.83,87.96,34.56,163.36,53.41,59.69,6.28,37.7,62.83,21.99,138.23,40.84,53.41,59.69,6.28,37.7,62.83,21.99,34.56,163.36,53.41,238.76,6.28,9.42,62.83,21.99,34.56,40.84,53.41,
59.69,6.28,37.7,62.83,87.96,34.56,163.36,53.41,59.69,6.28,37.7,62.83,21.99,138.23,40.84,53.41,59.69,6.28,37.7,62.83,21.99,138.23,40.84,53.41,238.76,6.28,37.7,62.83,21.99,138.23,163.36,213.63,59.69,6.28,37.7,62.83,21.99,34.56,163.36,213.63,238.76,6.28,37.7,62.83,
87.96,34.56,40.84,213.63,238.76,6.28,9.42,62.83,21.99,34.56,40.84,53.41,59.69,6.28,37.7,62.83,87.96,138.23,40.84,53.41,238.76,6.28,37.7,62.83,21.99,138.23,163.36,213.63,238.76,6.28,37.7,62.83,87.96,34.56,163.36,53.41,238.76,6.28,9.42,62.83,21.99,34.56,40.84,53.4
1,59.69,6.28,37.7,62.83,21.99,34.56,40.84,213.63,238.76,6.28,37.7,62.83,21.99,34.56,40.84,53.41,238.76,6.28,37.7,62.83,21.99,138.23,163.36,213.63,59.69,6.28,9.42,62.83,21.99,34.56,40.84,53.41,59.69,6.28,37.7,62.83,87.96,34.56,40.84,213.63,238.76,6.28,37.7,62.83,
21.99,34.56,163.36,53.41,238.76,6.28,37.7,62.83,21.99,34.56,163.36,53.41,238.76,6.28,9.42,62.83,21.99,34.56,40.84,53.41,59.69,6.28,37.7,62.83,21.99,138.23,163.36,53.41,238.76,6.28,37.7,62.83,21.99,34.56,40.84,53.41,238.76,6.28,37.7,62.83,21.99,138.23,40.84,213.6
3,238.76,6.28,37.7,62.83,21.99,34.56,163.36,53.41,238.76,6.28,9.42,62.83,21.99,34.56,40.84,53.41,59.69,6.28,37.7,62.83,87.96,34.56,163.36,53.41,238.76,6.28,37.7,62.83,87.96,34.56,40.84,213.63,238.76,6.28,9.42,62.83,21.99,34.56,40.84,53.41,59.69,6.28,37.7,62.83,2
1.99,138.23,163.36,53.41,59.69,6.28,37.7,62.83,21.99,138.23,163.36,213.63,238.76,6.28,37.7,62.83,21.99,138.23,163.36,213.63,238.76,6.28,37.7,62.83,21.99,138.23,40.84,213.63,238.76,6.28,9.42,62.83,21.99,34.56,40.84,53.41,59.69,6.28,37.7,62.83,21.99,138.23,163.36,
53.41,59.69,6.28,37.7,62.83,21.99,138.23,40.84,53.41,238.76,6.28,37.7,62.83,21.99,138.23,40.84,213.63,238.76,6.28,37.7,62.83,21.99,34.56,163.36,53.41,238.76,6.28,9.42,62.83,21.99,34.56,40.84,53.41,59.69,6.28,37.7,62.83,21.99,34.56,163.36,53.41,59.69,6.28,37.7,62
.83,21.99,34.56,163.36,53.41,238.76,6.28,37.7,62.83,87.96,34.56,40.84,213.63,238.76,6.28,37.7,62.83,87.96,34.56,163.36,53.41,59.69,6.28,37.7,62.83,87.96,34.56,40.84,213.63,59.69,6.28,37.7,62.83,87.96,34.56,163.36,53.41,238.76,6.28,37.7,62.83,21.99,34.56,40.84,21
3.63,238.76,6.28,37.7,62.83,87.96,34.56,163.36,53.41,59.69,6.28,37.7,62.83,21.99,138.23,40.84,53.41,238.76,6.28,37.7,62.83,87.96,34.56,163.36,213.63,59.69,6.28,37.7,62.83,21.99,34.56,163.36,53.41,238.76,6.28,9.42,62.83,21.99,138.23,163.36,53.41,59.69,6.28,9.42,6
2.83,21.99,34.56,40.84,53.41,59.69,6.28,37.7,62.83,21.99,34.56,163.36,53.41,238.76,6.28,37.7,62.83,87.96,34.56,163.36,213.63,59.69,6.28,37.7,62.83,21.99,138.23,40.84,53.41,238.76,6.28,37.7,62.83,21.99,138.23,163.36,53.41,59.69,6.28,9.42,62.83,21.99,138.23,163.36
,53.41,59.69,6.28,9.42,62.83,21.99,34.56,40.84,53.41,59.69,6.28,37.7,62.83,21.99,34.56,40.84,213.63,59.69,6.28,37.7,62.83,21.99,34.56,163.36,53.41,238.76,6.28,37.7,62.83,21.99,138.23,40.84,53.41,238.76,6.28,37.7,62.83,21.99,138.23,163.36,213.63,59.69,6.28,37.7,6
2.83,21.99,34.56,163.36,213.63,238.76,6.28,37.7,62.83,87.96,34.56,40.84,213.63,238.76,6.28,9.42,62.83,21.99,138.23,163.36,53.41,59.69,6.28,9.42,62.83,21.99,34.56,40.84,53.41,59.69,6.28,37.7,62.83,21.99,34.56,40.84,53.41,238.76,6.28,37.7,62.83,21.99,138.23,163.36
,213.63,59.69,6.28,37.7,62.83,21.99,34.56,163.36,53.41,59.69,6.28,9.42,62.83,21.99,34.56,40.84,53.41,59.69,6.28,37.7,62.83,21.99,34.56,40.84,213.63,238.76,6.28,37.7,62.83,21.99,138.23,163.36,213.63,238.76,6.28,37.7,62.83,21.99,138.23,163.36,213.63,59.69,6.28,37.
7,62.83,87.96,34.56,40.84,213.63,238.76,6.28,37.7,62.83,21.99,138.23,40.84,53.41,238.76,6.28,37.7,62.83,21.99,34.56,163.36,53.41,59.69,6.28,37.7,62.83,21.99,34.56,163.36,53.41,238.76,6.28,37.7,62.83,87.96,34.56,40.84,213.63,59.69,6.28,37.7,62.83,21.99,138.23,40.
84,53.41,238.76,6.28,37.7,62.83,21.99,138.23,163.36,213.63,59.69,6.28,37.7,62.83,21.99,34.56,163.36,213.63,238.76,6.28,9.42,62.83,21.99,34.56,40.84,53.41,59.69,6.28,37.7,62.83,87.96,34.56,163.36,53.41,59.69,6.28,37.7,62.83,21.99,138.23,40.84,53.41,59.69,6.28,37.
7,62.83,21.99,34.56,40.84,53.41,238.76,6.28,37.7,62.83,87.96,34.56,163.36,53.41,59.69,6.28,9.42,62.83,21.99,34.56,40.84,53.41,59.69,6.28,37.7,62.83,87.96,138.23,40.84,53.41,238.76,6.28,37.7,62.83,21.99,138.23,163.36,213.63,238.76,6.28,37.7,62.83,87.96,34.56,163.
36,53.41,238.76,6.28,37.7,62.83,87.96,34.56,40.84,213.63,59.69,6.28,9.42,62.83,21.99,34.56,40.84,53.41,59.69,6.28,37.7,62.83,21.99,34.56,40.84,213.63,238.76,6.28,37.7,62.83,87.96,34.56,40.84,213.63,59.69,6.28,37.7,62.83,21.99,34.56,163.36,53.41,238.76,6.28,37.7,
62.83,21.99,34.56,40.84,53.41,238.76,6.28,37.7,62.83,87.96,34.56,163.36,53.41,59.69,6.28,37.7,62.83,21.99,138.23,40.84,53.41,238.76,6.28,37.7,62.83,21.99,138.23,163.36,213.63,238.76,6.28,37.7,62.83,21.99,138.23,163.36,213.63,59.69,6.28,9.42,62.83,21.99,34.56,40.
84,53.41,59.69,6.28,37.7,62.83,87.96,34.56,40.84,53.41,59.69,6.28,37.7,62.83,87.96,34.56,40.84,213.63,59.69,6.28,37.7,62.83,21.99,138.23,163.36,213.63,238.76,6.28,37.7,62.83,21.99,34.56,40.84,213.63,59.69,6.28,37.7,62.83,21.99,34.56,40.84,53.41,238.76,6.28,37.7,
62.83,21.99,34.56,40.84,213.63,59.69,6.28,37.7,62.83,21.99,138.23,163.36,53.41,59.69,6.28,37.7,62.83,87.96,138.23,40.84,53.41,238.76,6.28,9.42,62.83,21.99,34.56,40.84,53.41,59.69,6.28,37.7,62.83,21.99,34.56,40.84,213.63,238.76,6.28,37.7,62.83,21.99,34.56,40.84,5
3.41,238.76,6.28,37.7,62.83,21.99,138.23,163.36,53.41,238.76,6.28,37.7,62.83,21.99,34.56,163.36,53.41,238.76,6.28,9.42,62.83,21.99,34.56,40.84,53.41,59.69,6.28,37.7,62.83,21.99,34.56,163.36,213.63,59.69,6.28,37.7,62.83,87.96,34.56,40.84,213.63,59.69,6.28,37.7,62
.83,21.99,138.23,163.36,213.63,238.76,6.28,37.7,62.83,21.99,138.23,163.36,53.41,238.76,6.28,9.42,62.83,21.99,34.56,40.84,53.41,59.69,6.28,37.7,62.83,21.99,34.56,40.84,53.41,238.76,6.28,9.42,62.83,21.99,34.56,40.84,53.41,59.69,6.28,37.7,62.83,21.99,138.23,163.36,
53.41,238.76,6.28,37.7,62.83,21.99,138.23,40.84,53.41,238.76,6.28,37.7,62.83,21.99,138.23,163.36,53.41,59.69,6.28,37.7,62.83,21.99,138.23,40.84,53.41,238.76,6.28,37.7,62.83,87.96,34.56,163.36,53.41,59.69,6.28,37.7,62.83,21.99,34.56,40.84,53.41,238.76,6.28,37.7,6
2.83,87.96,34.56,40.84,213.63,59.69,6.28,37.7,62.83,87.96,138.23,40.84,53.41,238.76,6.28,9.42,62.83,21.99,34.56,40.84,53.41,59.69,6.28,37.7,62.83,21.99,138.23,163.36,53.41,59.69,6.28,37.7,62.83,21.99,34.56,40.84,53.41,238.76,6.28,37.7,62.83,21.99,34.56,40.84,213
.63,59.69,6.28,9.42,62.83,21.99,34.56,40.84,53.41,59.69,6.28,37.7,62.83,21.99,138.23,163.36,213.63,238.76,6.28,37.7,62.83,87.96,34.56,40.84,213.63,59.69,6.28,9.42,62.83,21.99,34.56,40.84,53.41,59.69,6.28,37.7,62.83,87.96,34.56,40.84,213.63,238.76,6.28,37.7,62.83
,21.99,138.23,163.36,213.63,238.76,6.28,37.7,62.83,21.99,138.23,163.36,53.41,238.76,6.28,37.7,62.83,21.99,34.56,163.36,53.41,238.76,6.28,9.42,62.83,21.99,34.56,40.84,53.41,59.69,6.28,9.42,62.83,21.99,34.56,163.36,213.63,238.76,6.28,37.7,62.83,87.96,34.56,163.36,
53.41,59.69,6.28,37.7,62.83,21.99,34.56,163.36,53.41,238.76,6.28,37.7,62.83,21.99,34.56,40.84,213.63,238.76,6.28,37.7,62.83,21.99,138.23,40.84,53.41,59.69,6.28,9.42,62.83,21.99,34.56,40.84,53.41,59.69,6.28,37.7,62.83,21.99,34.56,40.84,213.63,59.69,6.28,37.7,62.8
3,87.96,34.56,40.84,213.63,59.69,6.28,37.7,62.83,21.99,138.23,163.36,213.63,238.76,6.28,37.7,62.83,87.96,34.56,40.84,213.63,238.76,6.28,9.42,62.83,21.99,34.56,163.36,213.63,238.76,6.28,9.42,62.83,21.99,34.56,40.84,53.41,59.69,6.28,37.7,62.83,87.96,34.56,163.36,2
13.63,238.76,6.28,37.7,62.83,21.99,34.56,40.84,53.41,238.76,6.28,37.7,62.83,21.99,138.23,163.36,213.63,59.69,6.28,37.7,62.83,87.96,34.56,163.36,53.41,59.69,6.28,37.7,62.83,21.99,138.23,40.84,53.41,238.76,6.28,37.7,62.83,21.99,138.23,163.36,213.63,59.69,6.28,37.7
,62.83,21.99,34.56,163.36,213.63,238.76,6.28,9.42,62.83,21.99,34.56,40.84,53.41,59.69,6.28,37.7,62.83,87.96,34.56,163.36,213.63,238.76,6.28,37.7,62.83,21.99,34.56,163.36,53.41,238.76,6.28,37.7,62.83,21.99,34.56,40.84,53.41,238.76,6.28,37.7,62.83,21.99,138.23,163
.36,53.41,59.69,6.28,37.7,62.83,87.96,34.56,163.36,53.41,59.69,6.28,37.7,62.83,21.99,138.23,40.84,53.41,59.69,6.28,9.42,62.83,21.99,34.56,40.84,53.41,59.69,6.28,37.7,15.71,21.99,138.23,40.84,53.41,238.76,6.28,9.42,62.83,21.99,34.56,40.84,53.41,59.69,6.28,37.7,62
.83,87.96,34.56,163.36,53.41,238.76,6.28,37.7,62.83,21.99,138.23,163.36,213.63,59.69,6.28,37.7,62.83,21.99,34.56,163.36,53.41,59.69,6.28,37.7,62.83,21.99,34.56,163.36,53.41,238.76,6.28,37.7,62.83,87.96,34.56,40.84,213.63,59.69,6.28,37.7,62.83,87.96,34.56,40.84,2
13.63,238.76,6.28,37.7,62.83,87.96,34.56,163.36,53.41,59.69,6.28,37.7,62.83,21.99,34.56,40.84,53.41,238.76,6.28,37.7,62.83,21.99,138.23,163.36,213.63,59.69,6.28,37.7,62.83,21.99,34.56,163.36,53.41,59.69,6.28,9.42,62.83,21.99,34.56,40.84,53.41,59.69,6.28,37.7,62.
83,87.96,34.56,163.36,53.41,59.69,6.28,37.7,62.83,21.99,138.23,40.84,53.41,59.69,6.28,37.7,62.83,21.99,138.23,40.84,53.41,238.76,6.28,37.7,62.83,87.96,34.56,40.84,213.63,238.76,6.28,9.42,62.83,21.99,34.56,40.84,53.41,59.69,6.28,37.7,62.83,87.96,34.56,40.84,53.41
,59.69,6.28,37.7,62.83,21.99,34.56,163.36,53.41,238.76,6.28,37.7,62.83,87.96,34.56,40.84,213.63,59.69,6.28,37.7,62.83,87.96,34.56,40.84,213.63,238.76,6.28,37.7,62.83,87.96,34.56,40.84,53.41,59.69,6.28,37.7,62.83,21.99,34.56,163.36,53.41,238.76,6.28,37.7,62.83,21
.99,34.56,40.84,213.63,238.76,6.28,37.7,62.83,87.96,34.56,163.36,53.41,59.69,6.28,37.7,62.83,21.99,138.23,40.84,53.41,238.76,6.28,37.7,62.83,87.96,34.56,163.36,213.63,59.69,6.28,37.7,62.83,21.99,34.56,163.36,53.41,238.76,6.28,9.42,62.83,21.99,138.23,163.36,213.6
3,59.69,6.28,9.42,62.83,21.99,34.56,40.84,53.41,59.69,6.28,37.7,15.71,87.96,34.56,163.36,53.41,59.69,6.28,37.7,62.83,21.99,138.23,40.84,53.41,59.69,6.28,37.7,62.83,21.99,138.23,40.84,53.41,238.76,6.28,37.7,62.83,87.96,34.56,40.84,213.63,238.76,6.28,9.42,62.83,21
.99,34.56,40.84,53.41,59.69,6.28,37.7,62.83,21.99,138.23,40.84,53.41,238.76,6.28,37.7,62.83,87.96,34.56,40.84,213.63,238.76,6.28,9.42,62.83,21.99,34.56,40.84,53.41,59.69,6.28,37.7,62.83,21.99,138.23,163.36,213.63,59.69,6.28,37.7,62.83,21.99,138.23,163.36,213.63,
238.76,6.28,37.7,62.83,87.96,34.56,163.36,53.41,59.69,6.28,9.42,62.83,21.99,34.56,40.84,53.41,59.69,6.28,37.7,62.83,87.96,34.56,163.36,53.41,59.69,6.28,37.7,62.83,21.99,138.23,40.84,53.41,59.69,6.28,37.7,62.83,21.99,34.56,163.36,53.41,238.76,6.28,9.42,62.83,21.9
9,34.56,40.84,53.41,59.69,6.28,37.7,62.83,87.96,34.56,40.84,53.41,59.69,6.28,37.7,62.83,21.99,34.56,163.36,53.41,238.76,6.28,37.7,62.83,87.96,34.56,40.84,213.63,59.69,6.28,37.7,62.83,87.96,34.56,40.84,213.63,238.76,6.28,37.7,62.83,87.96,34.56,40.84,53.41,59.69,6
.28,37.7,62.83,21.99,34.56,163.36,53.41,238.76,6.28,37.7,62.83,21.99,34.56,40.84,213.63,238.76,6.28,37.7,62.83,87.96,34.56,163.36,53.41,59.69,6.28,37.7,62.83,21.99,138.23,40.84,53.41,238.76,6.28,37.7,62.83,87.96,34.56,163.36,213.63,59.69,6.28,37.7,62.83,21.99,34
.56,163.36,53.41,238.76,6.28,9.42,62.83,21.99,34.56,40.84,53.41,59.69,6.28,37.7,62.83,21.99,138.23,163.36,213.63,238.76,6.28,37.7,62.83,21.99,34.56,163.36,213.63,59.69,6.28,9.42,62.83,21.99,34.56,40.84,53.41,59.69,6.28,37.7,62.83,21.99,138.23,163.36,53.41,238.76
,6.28,37.7,62.83,21.99,138.23,163.36,213.63,238.76,6.28,37.7,62.83,87.96,34.56,40.84,213.63,238.76,6.28,37.7,62.83,87.96,34.56,163.36,53.41,59.69,6.28,9.42,62.83,21.99,34.56,40.84,53.41,59.69,6.28,37.7,62.83,21.99,138.23,40.84,53.41,59.69,6.28,37.7,62.83,87.96,3
4.56,163.36,53.41,238.76,6.28,37.7,62.83,21.99,138.23,163.36,53.41,238.76,6.28,37.7,62.83,21.99,34.56,40.84,53.41,238.76,6.28,37.7,62.83,21.99,138.23,163.36,213.63,59.69,6.28,37.7,62.83,87.96,34.56,40.84,213.63,238.76,6.28,9.42,62.83,21.99,138.23,163.36,53.41,59
.69,6.28,9.42,62.83,21.99,34.56,40.84,53.41,59.69,6.28,37.7,62.83,21.99,138.23,163.36,213.63,59.69,6.28,37.7,62.83,21.99,138.23,163.36,213.63,238.76,6.28,37.7,62.83,87.96,34.56,40.84,213.63,59.69,6.28,9.42,62.83,21.99,34.56,40.84,53.41,59.69,6.28,37.7,62.83,87.9
6,34.56,163.36,53.41,59.69,6.28,37.7,62.83,21.99,138.23,40.84,53.41,59.69,6.28,37.7,62.83,21.99,34.56,163.36,53.41,238.76,6.28,37.7,62.83,21.99,138.23,40.84,53.41,238.76,6.28,37.7,62.83,87.96,34.56,40.84,213.63,59.69,6.28,9.42,62.83,21.99,34.56,40.84,53.41,59.69
,6.28,37.7,62.83,21.99,138.23,163.36,213.63,59.69,6.28,37.7,62.83,21.99,34.56,40.84,53.41,238.76,6.28,37.7,62.83,87.96,34.56,163.36,53.41,59.69,6.28,37.7,62.83,87.96,34.56,163.36,53.41,238.76,6.28,37.7,62.83,87.96,34.56,40.84,213.63,59.69,6.28,37.7,62.83,21.99,3
4.56,163.36,53.41,238.76,6.28,9.42,62.83,21.99,138.23,163.36,53.41,59.69,6.28,9.42,62.83,21.99,34.56,40.84,53.41,59.69,6.28,37.7,15.71,21.99,138.23,40.84,53.41,238.76,6.28,9.42,62.83,21.99,34.56,40.84,53.41,59.69,6.28,37.7,62.83,87.96,34.56,163.36,213.63,238.76,
6.28,37.7,62.83,21.99,138.23,163.36,213.63,238.76,6.28,37.7,62.83,87.96,34.56,163.36,53.41,238.76,6.28,37.7,62.83,21.99,138.23,163.36,53.41,59.69,6.28,37.7,62.83,21.99,34.56,163.36,53.41,59.69,6.28,9.42,62.83,21.99,34.56,40.84,53.41,59.69,6.28,37.7,62.83,21.99,1
38.23,163.36,53.41,59.69,6.28,37.7,62.83,21.99,138.23,40.84,53.41,238.76,6.28,37.7,62.83,21.99,138.23,40.84,213.63,238.76,6.28,37.7,62.83,21.99,34.56,163.36,53.41,238.76,6.28,9.42,62.83,21.99,34.56,40.84,53.41,59.69,6.28,37.7,62.83,87.96,34.56,163.36,53.41,59.69
,6.28,37.7,62.83,21.99,138.23,163.36,213.63,238.76,6.28,9.42,62.83,21.99,34.56,40.84,53.41,59.69,6.28,37.7,62.83,21.99,138.23,40.84,53.41,59.69,6.28,37.7,62.83,21.99,34.56,163.36,53.41,238.76,6.28,37.7,62.83,21.99,138.23,163.36,53.41,59.69,6.28,37.7,62.83,87.96,
34.56,40.84,53.41,59.69,6.28,9.42,62.83,21.99,34.56,40.84,53.41,59.69,6.28,37.7,62.83,87.96,138.23,40.84,53.41,238.76,6.28,37.7,62.83,21.99,138.23,163.36,213.63,238.76,6.28,37.7,62.83,87.96,34.56,163.36,53.41,238.76,6.28,9.42,62.83,21.99,34.56,40.84,53.41,59.69,
6.28,37.7,62.83,87.96,34.56,163.36,53.41,238.76,6.28,37.7,62.83,21.99,138.23,163.36,213.63,59.69,6.28,37.7,62.83,21.99,34.56,163.36,53.41,59.69,6.28,37.7,62.83,21.99,34.56,163.36,53.41,238.76,6.28,37.7,62.83,87.96,34.56,40.84,213.63,59.69,6.28,37.7,62.83,87.96,3
4.56,40.84,213.63,238.76,6.28,37.7,62.83,87.96,34.56,163.36,53.41,59.69,6.28,37.7,62.83,21.99,34.56,40.84,53.41,238.76,6.28,37.7,62.83,21.99,138.23,163.36,213.63,59.69,6.28,37.7,62.83,21.99,34.56,163.36,53.41,59.69,6.28,9.42,62.83,21.99,34.56,40.84,53.41,59.69,6
.28,37.7,62.83,87.96,34.56,163.36,53.41,59.69,6.28,37.7,62.83,21.99,138.23,40.84,53.41,59.69,6.28,37.7,62.83,21.99,138.23,40.84,53.41,238.76,6.28,37.7,62.83,87.96,34.56,40.84,213.63,238.76,6.28,9.42,62.83,21.99,34.56,40.84,53.41,59.69,6.28,37.7,62.83,21.99,34.56
,40.84,53.41,238.76,6.28,37.7,62.83,21.99,138.23,163.36,213.63,59.69,6.28,37.7,62.83,21.99,34.56,163.36,53.41,59.69,6.28,9.42,62.83,21.99,34.56,40.84,53.41,59.69,6.28,37.7,62.83,21.99,138.23,163.36,53.41,238.76,6.28,37.7,62.83,21.99,34.56,40.84,53.41,238.76,6.28
,37.7,62.83,87.96,138.23,40.84,53.41,238.76,6.28,37.7,62.83,21.99,34.56,40.84,213.63,59.69,6.28,37.7,62.83,21.99,34.56,163.36,53.41,238.76,6.28,9.42,62.83,21.99,34.56,40.84,53.41,59.69,6.28,37.7,62.83,87.96,34.56,163.36,53.41,59.69,6.28,37.7,62.83,21.99,138.23,1
63.36,213.63,238.76,6.28,37.7,62.83,21.99,34.56,163.36,213.63,238.76,6.28,37.7,62.83,21.99,34.56,163.36,53.41,238.76,6.28,37.7,62.83,87.96,34.56,163.36,53.41,59.69,6.28,37.7,62.83,21.99,138.23,40.84,53.41,59.69,6.28,37.7,62.83,21.99,34.56,163.36,53.41,238.76,6.2
8,37.7,62.83,87.96,34.56,40.84,213.63,59.69,6.28,9.42,62.83,21.99,34.56,40.84,53.41,59.69,6.28,37.7,62.83,87.96,34.56,163.36,213.63,238.76,6.28,37.7,62.83,21.99,34.56,163.36,53.41,238.76,6.28,9.42,62.83,21.99,34.56,40.84,53.41,59.69,6.28,37.7,62.83,21.99,34.56,4
0.84,213.63,238.76,6.28,37.7,62.83,21.99,34.56,40.84,53.41,238.76,6.28,37.7,62.83,21.99,138.23,163.36,213.63,59.69,6.28,9.42,62.83,21.99,34.56,40.84,53.41,59.69,6.28,37.7,62.83,21.99,138.23,163.36,53.41,59.69,6.28,37.7,62.83,21.99,34.56,163.36,53.41,238.76,6.28,
37.7,62.83,21.99,34.56,40.84,53.41,238.76,6.28,37.7,62.83,87.96,34.56,40.84,213.63,59.69,6.28,37.7,62.83,21.99,138.23,163.36,213.63,59.69,6.28,9.42,62.83,21.99,34.56,40.84,53.41,59.69,6.28,37.7,62.83,87.96,34.56,40.84,213.63,238.76,6.28,37.7,62.83,21.99,138.23,1
63.36,213.63,238.76,6.28,37.7,62.83,21.99,138.23,163.36,53.41,238.76,6.28,37.7,62.83,21.99,34.56,163.36,53.41,238.76,6.28,37.7,62.83,87.96,34.56,163.36,53.41,59.69,6.28,37.7,62.83,21.99,138.23,40.84,53.41,59.69,6.28,37.7,62.83,21.99,138.23,40.84,53.41,238.76,6.2
8,37.7,62.83,21.99,138.23,163.36,213.63,59.69,6.28,37.7,62.83,21.99,34.56,163.36,213.63,238.76,6.28,9.42,62.83,21.99,34.56,40.84,53.41,59.69,6.28,37.7,62.83,21.99,34.56,40.84,53.41,238.76,6.28,37.7,62.83,21.99,34.56,40.84,213.63,59.69,6.28,37.7,62.83,21.99,138.2
3,163.36,213.63,238.76,6.28,37.7,62.83,87.96,34.56,163.36,53.41,238.76,6.28,37.7,62.83,87.96,34.56,163.36,53.41,59.69,6.28,9.42,62.83,21.99,34.56,40.84,53.41,59.69,6.28,37.7,62.83,87.96,34.56,163.36,53.41,59.69,6.28,37.7,62.83,21.99,138.23,40.84,53.41,59.69,6.28
,37.7,62.83,21.99,34.56,163.36,53.41,238.76,6.28,9.42,62.83,21.99,34.56,40.84,53.41,59.69,6.28,37.7,62.83,87.96,34.56,163.36,213.63,238.76,6.28,37.7,62.83,21.99,138.23,163.36,213.63,238.76,6.28,37.7,62.83,87.96,34.56,40.84,213.63,59.69,6.28,37.7,62.83,21.99,138.
23,163.36,53.41,59.69,6.28,37.7,62.83,21.99,34.56,163.36,53.41,59.69,6.28,9.42,62.83,21.99,138.23,163.36,213.63,59.69,6.28,9.42,62.83,21.99,34.56,40.84,53.41,59.69,6.28,37.7,15.71,21.99,138.23,40.84,53.41,238.76,6.28,37.7,62.83,21.99,34.56,163.36,213.63,59.69,6.
28,9.42,62.83,21.99,34.56,40.84,53.41,59.69,6.28,37.7,62.83,87.96,138.23,40.84,53.41,238.76,6.28,37.7,62.83,21.99,138.23,163.36,213.63,238.76,6.28,37.7,62.83,87.96,34.56,163.36,53.41,238.76,6.28,9.42,62.83,21.99,34.56,40.84,53.41,59.69,6.28,37.7,62.83,21.99,34.5
6,40.84,213.63,238.76,6.28,37.7,62.83,21.99,34.56,40.84,53.41,238.76,6.28,37.7,62.83,21.99,138.23,163.36,213.63,59.69,6.28,9.42,62.83,21.99,34.56,40.84,53.41,59.69,6.28,37.7,62.83,87.96,34.56,40.84,213.63,59.69,6.28,37.7,62.83,21.99,34.56,163.36,53.41,238.76,6.2
8,37.7,62.83,21.99,34.56,40.84,53.41,238.76,6.28,37.7,62.83,21.99,34.56,163.36,53.41,59.69,6.28,9.42,62.83,21.99,34.56,40.84,53.41,59.69,6.28,37.7,62.83,87.96,34.56,163.36,53.41,59.69,6.28,37.7,62.83,21.99,138.23,40.84,53.41,59.69,6.28,37.7,62.83,21.99,138.23,40
.84,53.41,238.76,6.28,37.7,62.83,87.96,34.56,40.84,213.63,238.76,6.28,9.42,62.83,21.99,138.23,163.36,53.41,59.69,6.28,9.42,62.83,21.99,34.56,40.84,53.41,59.69,6.28,37.7,62.83,87.96,34.56,163.36,53.41,59.69,6.28,37.7,62.83,21.99,138.23,40.84,53.41,59.69,6.28,37.7
,62.83,21.99,34.56,163.36,53.41,238.76,6.28,37.7,62.83,21.99,138.23,163.36,213.63,59.69,6.28,9.42,62.83,21.99,34.56,40.84,53.41,59.69,6.28,37.7,62.83,87.96,138.23,40.84,53.41,238.76,6.28,37.7,62.83,21.99,138.23,163.36,213.63,238.76,6.28,37.7,62.83,87.96,34.56,16
3.36,53.41,238.76,6.28,9.42,62.83,21.99,34.56,40.84,53.41,59.69,6.28,37.7,62.83,21.99,138.23,40.84,53.41,59.69,6.28,37.7,62.83,21.99,34.56,40.84,53.41,238.76,6.28,37.7,62.83,87.96,34.56,163.36,213.63,59.69,6.28,37.7,62.83,21.99,34.56,163.36,53.41,238.76,6.28,9.4
2,62.83,21.99,34.56,40.84,53.41,59.69,6.28,37.7,62.83,21.99,34.56,163.36,53.41,59.69,6.28,37.7,62.83,21.99,138.23,40.84,53.41,238.76,6.28,37.7,62.83,87.96,34.56,40.84,213.63,238.76,6.28,37.7,62.83,21.99,34.56,40.84,213.63,238.76,6.28,37.7,62.83,21.99,138.23,163.
36,213.63,238.76,6.28,37.7,62.83,87.96,34.56,163.36,213.63,59.69,6.28,37.7,62.83,21.99,34.56,163.36,53.41,238.76,6.28,37.7,62.83,87.96,34.56,40.84,213.63,59.69,6.28,37.7,62.83,21.99,34.56,163.36,53.41,238.76,6.28,37.7,62.83,21.99,34.56,163.36,53.41,59.69,6.28,9.
42,62.83,21.99,34.56,40.84,53.41,59.69,6.28,37.7,62.83,21.99,138.23,40.84,53.41,59.69,6.28,37.7,62.83,21.99,138.23,163.36,213.63,238.76,6.28,37.7,62.83,87.96,34.56,163.36,213.63,238.76,6.28,9.42,62.83,21.99,34.56,40.84,53.41,59.69,6.28,37.7,62.83,87.96,34.56,163
.36,53.41,59.69,6.28,37.7,62.83,21.99,138.23,163.36,213.63,238.76,6.28,9.42,62.83,21.99,34.56,40.84,53.41,59.69,6.28,37.7,62.83,21.99,34.56,40.84,213.63,238.76,6.28,37.7,62.83,21.99,138.23,163.36,213.63,238.76,6.28,37.7,62.83,21.99,138.23,163.36,213.63,59.69,6.2
8,37.7,62.83,87.96,34.56,163.36,53.41,59.69,6.28,37.7,62.83,21.99,34.56,40.84,53.41,238.76,6.28,37.7,62.83,21.99,34.56,40.84,213.63,238.76,6.28,37.7,62.83,87.96,34.56,163.36,53.41,59.69,6.28,9.42,62.83,21.99,34.56,40.84,53.41,59.69,6.28,37.7,62.83,21.99,138.23,1
63.36,53.41,238.76,6.28,37.7,62.83,21.99,34.56,163.36,53.41,238.76,6.28,9.42,62.83,21.99,138.23,163.36,213.63,59.69,6.28,9.42,62.83,21.99,34.56,40.84,53.41,59.69,6.28,37.7,15.71,21.99,34.56,163.36,213.63,59.69,6.28,37.7,62.83,21.99,34.56,163.36,53.41,238.76,6.28
,37.7,62.83,21.99,34.56,163.36,53.41,238.76,6.28,37.7,62.83,21.99,138.23,163.36,53.41,59.69,6.28,9.42,62.83,21.99,34.56,40.84,53.41,59.69,6.28,37.7,62.83,21.99,34.56,163.36,213.63,59.69,6.28,37.7,62.83,87.96,34.56,40.84,213.63,59.69,6.28,37.7,62.83,21.99,34.56,1
63.36,53.41,238.76,6.28,37.7,62.83,21.99,34.56,163.36,53.41,238.76,6.28,9.42,62.83,21.99,34.56,40.84,53.41,59.69,6.28,37.7,62.83,87.96,34.56,163.36,53.41,59.69,6.28,37.7,62.83,21.99,138.23,163.36,213.63,238.76,6.28,9.42,62.83,21.99,34.56,40.84,53.41,59.69,6.28,3
7.7,62.83,87.96,34.56,163.36,213.63,238.76,6.28,37.7,62.83,21.99,34.56,40.84,53.41,238.76,6.28,37.7,62.83,87.96,34.56,163.36,53.41,59.69,6.28,37.7,62.83,21.99,34.56,40.84,213.63,238.76,6.28,37.7,62.83,21.99,138.23,40.84,53.41,59.69,6.28,9.42,62.83,21.99,34.56,40
.84,53.41,59.69,6.28,37.7,62.83,21.99,138.23,163.36,53.41,238.76,6.28,37.7,62.83,21.99,34.56,163.36,53.41,238.76,6.28,9.42,62.83,21.99,34.56,40.84,53.41,59.69,6.28,37.7,62.83,21.99,34.56,163.36,213.63,59.69,6.28,37.7,62.83,21.99,138.23,163.36,213.63,238.76,6.28,
37.7,62.83,87.96,34.56,40.84,213.63,59.69,6.28,9.42,62.83,21.99,34.56,40.84,53.41,59.69,6.28,37.7,62.83,21.99,34.56,40.84,53.41,238.76,6.28,9.42,62.83,21.99,34.56,40.84,53.41,59.69,6.28,37.7,62.83,87.96,34.56,163.36,213.63,238.76,6.28,37.7,62.83,21.99,138.23,40.
84,53.41,59.69,6.28,37.7,62.83,21.99,138.23,40.84,53.41,238.76,6.28,37.7,62.83,21.99,138.23,163.36,53.41,59.69,6.28,37.7,62.83,21.99,34.56,163.36,53.41,238.76,6.28,9.42,62.83,21.99,34.56,40.84,53.41,59.69,6.28,37.7,62.83,21.99,138.23,163.36,213.63,238.76,6.28,37
.7,62.83,87.96,34.56,40.84,213.63,59.69,6.28,9.42,62.83,21.99,34.56,40.84,53.41,59.69,6.28,37.7,62.83,87.96,34.56,163.36,53.41,59.69,6.28,37.7,62.83,21.99,138.23,163.36,213.63,238.76,6.28,9.42,62.83,21.99,34.56,40.84,53.41,59.69,6.28,37.7,62.83,21.99,34.56,163.3
6,53.41,59.69,6.28,37.7,62.83,21.99,138.23,40.84,53.41,238.76,6.28,37.7,62.83,21.99,34.56,163.36,213.63,238.76,6.28,9.42,62.83,21.99,34.56,40.84,53.41,59.69,6.28,37.7,62.83,21.99,34.56,40.84,53.41,238.76,6.28,37.7,62.83,87.96,34.56,40.84,213.63,59.69,6.28,37.7,6
2.83,21.99,138.23,163.36,213.63,238.76,6.28,37.7,62.83,87.96,34.56,163.36,53.41,238.76,6.28,37.7,62.83,21.99,138.23,163.36,213.63,59.69,6.28,37.7,62.83,21.99,34.56,163.36,53.41,59.69,6.28,9.42,62.83,21.99,34.56,40.84,53.41,59.69,6.28,37.7,62.83,21.99,138.23,163.
36,213.63,238.76,6.28,37.7,62.83,21.99,138.23,163.36,213.63,59.69,6.28,37.7,62.83,21.99,138.23,163.36,53.41,59.69,6.28,37.7,62.83,21.99,138.23,40.84,53.41,238.76,6.28,37.7,62.83,21.99,138.23,163.36,213.63,59.69,6.28,37.7,62.83,21.99,34.56,163.36,53.41,238.76,6.2
8,9.42,62.83,21.99,34.56,40.84,53.41,59.69,6.28,37.7,62.83,87.96,34.56,163.36,53.41,59.69,6.28,37.7,62.83,21.99,138.23,163.36,213.63,238.76,6.28,9.42,62.83,21.99,34.56,40.84,53.41,59.69,6.28,37.7,62.83,21.99,34.56,163.36,213.63,59.69,6.28,37.7,62.83,21.99,138.23
,40.84,53.41,238.76,6.28,37.7,62.83,21.99,138.23,163.36,213.63,59.69,6.28,37.7,62.83,21.99,34.56,163.36,53.41,59.69,6.28,9.42,62.83,21.99,34.56,40.84,53.41,59.69,6.28,37.7,62.83,21.99,138.23,163.36,53.41,238.76,6.28,37.7,62.83,21.99,34.56,163.36,53.41,238.76,6.2
8,9.42,62.83,21.99,138.23,163.36,53.41,59.69,6.28,9.42,62.83,21.99,34.56,40.84,53.41,59.69,6.28,37.7,15.71,21.99,138.23,40.84,53.41,238.76,6.28,9.42,62.83,21.99,34.56,40.84,53.41,59.69,6.28,37.7,62.83,21.99,138.23,40.84,53.41,59.69,6.28,37.7,62.83,21.99,34.56,40
.84,53.41,238.76,6.28,37.7,62.83,87.96,34.56,163.36,213.63,59.69,6.28,37.7,62.83,21.99,34.56,163.36,53.41,238.76,6.28,9.42,62.83,21.99,34.56,40.84,53.41,59.69,6.28,37.7,62.83,21.99,138.23,163.36,213.63,59.69,6.28,37.7,62.83,21.99,138.23,163.36,213.63,238.76,6.28
,37.7,62.83,87.96,34.56,163.36,53.41,59.69,6.28,9.42,62.83,21.99,34.56,40.84,53.41,59.69,6.28,37.7,62.83,21.99,138.23,40.84,53.41,59.69,6.28,37.7,62.83,21.99,138.23,40.84,53.41,238.76,6.28,37.7,62.83,21.99,34.56,163.36,53.41,59.69,6.28,37.7,62.83,21.99,34.56,163
.36,53.41,59.69,6.28,37.7,62.83,21.99,34.56,163.36,53.41,238.76,6.28,37.7,62.83,21.99,138.23,163.36,213.63,59.69,6.28,9.42,62.83,21.99,34.56,40.84,53.41,59.69,6.28,37.7,62.83,21.99,138.23,163.36,53.41,238.76,6.28,37.7,62.83,87.96,138.23,40.84,53.41,238.76,6.28,3
7.7,62.83,87.96,34.56,40.84,213.63,238.76,6.28,37.7,62.83,21.99,34.56,163.36,53.41,238.76,6.28,37.7,62.83,21.99,138.23,163.36,53.41,59.69,6.28,37.7,62.83,21.99,34.56,163.36,213.63,59.69,6.28,9.42,62.83,21.99,138.23,163.36,213.63,59.69,6.28,9.42,62.83,21.99,34.56
,40.84,53.41,59.69,6.28,37.7,15.71,87.96,34.56,163.36,213.63,238.76,6.28,37.7,62.83,21.99,138.23,40.84,53.41,59.69,6.28,37.7,62.83,21.99,34.56,163.36,53.41,238.76,6.28,37.7,62.83,21.99,138.23,163.36,213.63,59.69,6.28,9.42,62.83,21.99,34.56,40.84,53.41,59.69,6.28
,37.7,62.83,21.99,34.56,40.84,53.41,238.76,6.28,37.7,62.83,21.99,138.23,163.36,213.63,59.69,6.28,37.7,62.83,21.99,34.56,163.36,53.41,59.69,6.28,9.42,62.83,21.99,34.56,40.84,53.41,59.69,6.28,37.7,62.83,21.99,138.23,40.84,53.41,238.76,6.28,37.7,62.83,21.99,34.56,1
63.36,213.63,59.69,6.28,9.42,62.83,21.99,34.56,40.84,53.41,59.69,6.28,37.7,62.83,87.96,138.23,40.84,53.41,238.76,6.28,37.7,62.83,21.99,138.23,163.36,213.63,238.76,6.28,37.7,62.83,87.96,34.56,163.36,53.41,238.76,6.28,9.42,62.83,21.99,34.56,40.84,53.41,59.69,6.28,
37.7,62.83,87.96,34.56,163.36,213.63,238.76,6.28,37.7,62.83,21.99,34.56,40.84,53.41,238.76,6.28,37.7,62.83,21.99,138.23,163.36,213.63,59.69,6.28,37.7,62.83,87.96,34.56,163.36,53.41,59.69,6.28,9.42,62.83,21.99,34.56,40.84,53.41,59.69,6.28,37.7,62.83,87.96,34.56,1
63.36,53.41,59.69,6.28,37.7,62.83,21.99,138.23,163.36,213.63,238.76,6.28,9.42,62.83,21.99,34.56,40.84,53.41,59.69,6.28,37.7,62.83,21.99,138.23,40.84,213.63,59.69,6.28,37.7,62.83,87.96,34.56,163.36,53.41,238.76,6.28,37.7,62.83,87.96,34.56,40.84,213.63,238.76,6.28
,37.7,62.83,87.96,34.56,163.36,53.41,59.69,6.28,9.42,62.83,21.99,34.56,40.84,53.41,59.69,6.28,37.7,62.83,87.96,34.56,40.84,213.63,238.76,6.28,37.7,62.83,21.99,34.56,163.36,53.41,238.76,6.28,37.7,62.83,21.99,138.23,163.36,213.63,59.69,6.28,37.7,62.83,21.99,34.56,
163.36,53.41,59.69,6.28,9.42,62.83,21.99,34.56,40.84,53.41,59.69,6.28,37.7,62.83,21.99,138.23,163.36,53.41,238.76,6.28,37.7,62.83,21.99,34.56,163.36,53.41,238.76,6.28,9.42,62.83,21.99,34.56,40.84,53.41,59.69,6.28,37.7,62.83,21.99,34.56,40.84,53.41,238.76,6.28,9.
42,62.83,21.99,34.56,40.84,53.41,59.69,6.28,37.7,62.83,21.99,138.23,163.36,53.41,238.76,6.28,37.7,62.83,21.99,34.56,163.36,53.41,238.76,6.28,37.7,62.83,87.96,34.56,40.84,213.63,238.76,6.28,37.7,62.83,87.96,34.56,40.84,213.63,238.76,6.28,37.7,62.83,21.99,34.56,40
.84,53.41,238.76,6.28,37.7,62.83,21.99,34.56,163.36,213.63,238.76,6.28,37.7,62.83,21.99,34.56,163.36,53.41,238.76,6.28,9.42,62.83,21.99,138.23,163.36,53.41,59.69,6.28,9.42,62.83,21.99,34.56,40.84,53.41,59.69,6.28,37.7,15.71,21.99,138.23,40.84,53.41,238.76,6.28,9
.42,62.83,21.99,34.56,40.84,53.41,59.69,6.28,37.7,62.83,21.99,34.56,40.84,53.41,238.76,6.28,37.7,62.83,21.99,138.23,163.36,53.41,238.76,6.28,9.42,62.83,21.99,34.56,40.84,53.41,59.69,6.28,37.7,62.83,21.99,138.23,40.84,53.41,59.69,6.28,37.7,62.83,21.99,34.56,40.84
,53.41,238.76,6.28,37.7,62.83,87.96,34.56,40.84,53.41,59.69,6.28,37.7,62.83,87.96,34.56,40.84,53.41,59.69,6.28,37.7,62.83,87.96,138.23,40.84,53.41,238.76,6.28,9.42,62.83,21.99,34.56,40.84,53.41,59.69,6.28,37.7,62.83,87.96,34.56,163.36,53.41,59.69,6.28,37.7,62.83
,21.99,138.23,163.36,213.63,238.76,6.28,9.42,62.83,21.99,34.56,40.84,53.41,59.69,6.28,37.7,62.83,21.99,138.23,40.84,53.41,238.76,6.28,37.7,62.83,21.99,138.23,163.36,213.63,59.69,6.28,37.7,62.83,87.96,34.56,163.36,53.41,59.69,6.28,37.7,62.83,21.99,34.56,163.36,53
.41,238.76,6.28,37.7,62.83,87.96,34.56,40.84,213.63,59.69,6.28,37.7,62.83,21.99,34.56,163.36,213.63,59.69,6.28,37.7,62.83,21.99,34.56,40.84,53.41,238.76,6.28,37.7,62.83,21.99,34.56,40.84,213.63,238.76,6.28,37.7,62.83,21.99,34.56,163.36,53.41,238.76,6.28,9.42,62.
83,21.99,34.56,40.84,53.41,59.69,6.28,37.7,62.83,21.99,138.23,163.36,213.63,238.76,6.28,37.7,62.83,21.99,138.23,163.36,213.63,59.69,6.28,9.42,62.83,21.99,34.56,40.84,53.41,59.69,6.28,37.7,62.83,87.96,138.23,40.84,53.41,238.76,6.28,37.7,62.83,21.99,138.23,163.36,
213.63,238.76,6.28,37.7,62.83,87.96,34.56,163.36,53.41,238.76,6.28,37.7,62.83,87.96,34.56,40.84,213.63,59.69,6.28,9.42,62.83,21.99,34.56,40.84,53.41,59.69,6.28,37.7,62.83,87.96,34.56,163.36,53.41,59.69,6.28,37.7,62.83,21.99,34.56,163.36,53.41,238.76,6.28,37.7,62
.83,87.96,34.56,40.84,213.63,59.69,6.28,37.7,62.83,21.99,138.23,163.36,53.41,238.76,6.28,37.7,62.83,87.96,34.56,40.84,213.63,238.76,6.28,9.42,62.83,21.99,138.23,163.36,213.63,59.69


6.28,37.7,62.83,21.99,34.56,163.36,213.63,59.69,6.28,37.7,62.83,87.96,34.56,40.84,213.63,59.69,6.28,37.7,62.83,21.99,138.23,40.84,53.41,238.76,6.28,37.7,62.83,21.99,34.56,163.36,53.41,238.76,6.28,37.7,62.83,21.99,138.23,163.36,213.63,59.69,6.28,37.7,62.83,21.99,
34.56,163.36,53.41,59.69,6.28,37.7,62.83,87.96,34.56,40.84,213.63,238.76,6.28,37.7,62.83,21.99,34.56,40.84,53.41,238.76,6.28,37.7,62.83,87.96,34.56,40.84,213.63,59.69,6.28,37.7,62.83,21.99,34.56,163.36,53.41,238.76,6.28,37.7,62.83,21.99,138.23,40.84,53.41,59.69,
6.28,37.7,62.83,21.99,138.23,163.36,213.63,238.76,6.28,37.7,62.83,21.99,138.23,163.36,53.41,238.76,6.28,37.7,62.83,21.99,34.56,163.36,53.41,238.76,6.28,37.7,62.83,87.96,34.56,163.36,213.63,238.76,6.28,37.7,62.83,21.99,34.56,163.36,53.41,238.76,6.28,37.7,62.83,21
.99,138.23,163.36,53.41,59.69,6.28,37.7,62.83,21.99,34.56,40.84,213.63,238.76,6.28,37.7,62.83,21.99,138.23,163.36,213.63,238.76,6.28,37.7,62.83,21.99,138.23,163.36,53.41,238.76,6.28,37.7,62.83,21.99,34.56,163.36,53.41,238.76,6.28,37.7,62.83,21.99,138.23,163.36,5
3.41,238.76,6.28,37.7,62.83,21.99,34.56,40.84,53.41,238.76,6.28,37.7,62.83,87.96,34.56,163.36,53.41,59.69,6.28,37.7,15.71,21.99,34.56,40.84,53.41,59.69,6.28,37.7,62.83,21.99,138.23,163.36,213.63,238.76,6.28,37.7,62.83,87.96,34.56,163.36,53.41,238.76,6.28,37.7,62
.83,87.96,34.56,163.36,53.41,59.69,6.28,37.7,62.83,21.99,138.23,163.36,53.41,59.69,6.28,37.7,62.83,21.99,138.23,163.36,213.63,238.76,6.28,37.7,62.83,21.99,138.23,163.36,213.63,238.76,6.28,37.7,62.83,21.99,138.23,40.84,213.63,238.76,6.28,9.42,62.83,21.99,138.23,1
63.36,213.63,59.69,6.28,37.7,62.83,21.99,34.56,40.84,213.63,238.76,6.28,37.7,62.83,21.99,138.23,163.36,213.63,238.76,6.28,37.7,62.83,21.99,138.23,163.36,53.41,238.76
